LIV

Kakor se 11323, 33 03111311] 111 113313211 3111033, 111 13 bila dne 91113133
leta 1074. Zato mu je 03032 3113 251113133 leta 1075. 11321131111, 1131 33
13 113 11131 3111311110. Pisa] mu je, da 1131 0331ον1 113311393 31111011111113, 111
, bi imel 3001090 311 03 0111320130 131 13 113 bi 110131 033113111ῒί. Τ131311111,
11301 13 bil po simoniji 001113311, 10 13 s> 001110310 ’11ον3311, 1131 3311231113
111390110 30310131131110. 0002011 1131 311013 3311393113 0131113110 311 1131110,
33 bodo 11131 13110 003100311 (31. 288).

Dismo 3113113 1133131113 13 03032 003131 11131 3ν311311311111 vojvodu
Rudolfu in 11313111311311311111 νο1110311 Β3111101311 131 ju prosil, da bi iz
slque 03311311113 1133 11313, 111 30 bili 3 001110310 31111οηί13 0ον133111 311
03 013111113111, in 03 11131 11313, 111 30 0133331111111. (ἶ3 bi 111113 1130 131131,
33 10 111 11111113 1131093, 1131 11111 039ον01113, 33 1131 33 20031 111111] 031011
0111021 11 Rimu (31. 287).

Ko 13 bil 111311 Henrik leta 1076. iz cerkve 12003311, 13 bil tudi
031113111 819311313 11133113111111, 111 30 33 93 233311 0910311 (31. 517). 131393
1313 11133333 01110013 13 bil 03111311] 1101 0303231113931 1131120311Τ111311111,
11131 30 zbrani 1111321 239102111 31101311111 11131111, (13 93 0331311110, 3110 33
113 00111111 3 030323111. 131111 1211133 11331113 031113111 12131111, 33 33 1111310
2903111, 131 11131 11113231, 33 33 111390113 1213113 230133 (31. 525).

Ν31131 1113333311 00211313 13 031113111 013310011 113 311311 1113113 Hen-
11113, 110 11111 13 13 011011 5. 301113 1313 1077. 0033111 11310131 Furlansko
9101110 (31. 527), ’00211313 (3113 11. 11111113) 03 33 11131110 9101110 Κ131113110
(31. 551) 111 11131110 9101110 13113110 (31. 332). O veliki 11031 133311393 1313
13 031113111 111131 01110211031, 33 13 113 0913131111] 11311 0023131111 31101393
111333113 (31. 528). Ν310 93 13 30131111131 332 Κ313111311110 11 332110 (31. 529),
03103 03 11 Ulm, 11131 13 0133 111133111011] 01331131 132113, 1110133 00113-
1313113 0131113, 3 11313111111 13 110131 00131113111 33101131113 31101393 1113113
(31. 550).

12 1111113 33 13 03111311] 111110 11300111 proti domu, 03110331 13 110131
dobro 0001023113 3313 011031131111131111 113 0011103. Ko 13 01133111 1132110,
13 2110131 111 113 0011 01011 3011111 13 (1113 12. 3ν911313 1111111 11313 11132
1200113111 111 001131113. Ν1390110 1111010 30 013113311 11 09131 131 93 00110-
031111011301111 Stolni cerkvi 0133 Βο211111 91000111. Ν3913 3111111 13 11111110
11131 11311011110 1113901111] 111131; 311 1111 013111, 33 03133331. Ν3113131130
3111311311 ν33 10 23 110210 1132311, 1131 13 031113111 003131 0303211 113211331
131 33 0113111211 033131111311311111 11131111 (31. 555).

Τ31101 00 3111111 0311131113 8193113133 313 091313113 31111011331113 111
1111331110 121101113 311113113110113 011301113 33111113 23 0311131113. Ν310 313 00
31101111 0031311311] 0131113110 113211311113 0303211 0 13111 110131111 131· 93 0103113,
33 bi 110111311 0011311. Τ3 13 11310 3113 17. 330131111113 003131 3110 0131110
3111101133ἰηί in ljudstvu 091313113 (3111113, 311190 03 091313111111 31111393ηο10
131 12131111, 33 113 111013 131101 00113111110111113, 1131 113 113, 33 13 11121113113
2311οη110 311 113. Da 33 0 tem 01301133, 0031113 113 311013 139313, 111 1131

