90 St. 128.

 

 

23130 330303 33 (113033140 133310. Κο 13 011 130003 001411333, 03 01031
2300333313,1431401 13 011 00113011, 31 110131 01111 011211 13 111οἰ ni 130931
12 3131111 01111113911311 (101432311, 03 13 133331 01014 31390113 13313133. Κ31
31 310931 120113311, 1431 13 011 00113011,13 0113 1131133,143131013 00011000
13133ον3333 00901331,11313333.

Ζ331133 13 2303ν3 13 31411331 03032 Ι1133 (ΧΙΧ.) 313000 11 33114111
3115111133113, 143310113 11101 011331 913033141 03111311] Urz ter 01133331
3 33001 313090 01111113911311, 1431311 30 33 33333311 33 31390110 111311000-
111333140 33114311 13 31333 01113141133. Ι)011333 011111139113 3ο (113033141 33114111
00110111 030321 Pelagii (II.), Greqor (L), 1-1030111 (Ι.), 313133 (IIL), Gre-.
,901 (IL), Leon (HL), 831911 (11), Leon (IV), Β33301141 (ΙΙΙ.), 11011133 (HL),
Bonifacij (VI), Roman, Τ30001 (ΙΙ.), 1133313211 (ΙΙΙ.), 11133 (1431311 Ρ), Sil-
vester (II.) in 831911 (IV).

Vse to 13 03032 11133 (ΧΙΧ.) 1331111νο 0103311, 001313 ν3130 3130-
0313393 3141303 0011011 31313 011111139113131 0313013311 11101 3011 01111113911,
3 143131131 13 2311143231, 03 33 3133 23130 (113033143 031113111113 l„de prae-
a'icto patriarchatu Graa'ensi‘7 in njenih 003331311 311133 ν211331111311 13
330139011311 0311131113 11123 13 3139011111 333130334ον. 1133331 031113111 in>
31390111 33313031141 331 131130 13 0132 14314393 33301010113313 90300031310
00 311011 03111310111.1

ψ Nato 13 03032 11133 (ΧΙΧ.) 003131 13000311 013310 2 31432031, 03 331
000 0113390 11311 0330 0011133 9130331433111 0311131113 1133 10, 1431· 1311 13
011 11231. 130003 03 31 110131 1393 121113111, 033 03 13 3 00310310 33143-
131111 0330 (10011 00 21111331 01111113911, 11 143131331 313 33 133 23901011111
31313031 31390113 (0913131431 33114113 13 2311133031 (113033143 03111310113.
[,,. . . qaod non solam non adimplevit (sc. Poppo), sed etiam contra divi-
nam ias et sanctorum patrum sancita, quibasdam inhoneste sibi saffra-
gantibas, privilegiam fraudolenter impetravit de stabilitate suae ecclesiae
et Gradensis patrIardtatas subjectione.“]

133032 Β33301141 013111, 03 13 130003 11101 23 3333 3139011393 (3333- ’
01141011393) ν1303313 1131311 3110 141111130 23 011190. Ν303031 13 33 3141111-
nem (3113033140 1113310 131 tu 12111311 1133 3131301311] 031331. 1302931 13
133310 3 33114113131 11130, 13213311 0113113, 0033331 23141303 131 00 11331311
00933011 11231 3 33001, 33331 31 1131311 09331. Ζ313013140 1131114393 0011ον-
11311393 331141133393 1003 33 13 913033141 031113111 3 003303131 01331013
01110211 011 110031013Κί 3101131, 1431301 3313 001311 11101 091313141 03111310.
Α 013033 13 0110 1309033 1393 23130 31390113 01301230311 1432301133, 13
1111111 331200113033 13 3300113133.2

13023313 30 14 3131311 (k 0303211) 0031311 311013 00313333 913033141
03111310 Urz, 0333314113 0311331133141 0020 Dominik Contareno in 03
03333140 1111031110 131 30 0103111, 03 01 33 2 31390110 (030323110100130310

¹ GLst. 65.

2 prim. 31. 121.

