LXII

V 101 001101 3011 00301001 31010110 11130311 910110, 111 30· 30 00 0101 ’
10100011311 101 110011311019130 1310, 11101 10 30031 811331101. Ηο1 23001093
13000311093 91013 1110113103 30 10 01002113 3 8191110010, 111 10 01112 1130-
-11011311093 1000. Ν109011 9130 8030110101 10 3131 1000 11002010 10 1100010.
Υ(1101 8191110 10 011 91300, 113101093 10 11 Labodski dolini 01120011, 23001
31311111 00111ον, 1131010 10 110101 0031101111 311. 1331110. Κο 30 0010 01 0110
11000300, 30 10 1013 1064. 0001οὶἰί 00110 1103313110 110100. Med 00110 10
01011 03 Βο19313110111. Ν1090113 3001093 10 0310 0031313 po 110010 101 93
0313 001100311 11 00111νί 311. 1331113, 110 10 0113 00001303. 13020010 30 10
1110113103 03001113 03 0οὶ10 001 11 311. 1311000 11 Κο1000310110 10, 110 30
je 11130313, 10 010113 03 03011ον31011 11011 03 91300 80301101010 (31. 415).

130 01001 301111 10 31110011 0100 310 1309010011 1., 03 00313111 33100-

’ 3130 2131100 00111νο 311. 1331113. 1303131 10 1013 1085. 31101093 3103, 1131010100
10 0110 1001 1509010011 1100, k opatu Wilhelmu 11 1-111301130 03 1110111010-
0013110, 00110001 10 00011 1010011003, 111 031 01 003131 0031 ν 8113311111,
10 03 30 011303131 0109111 0100111ον (31. 566, 376).

0013109110 9101 1309010011 Ι. 2 0011011001010 311010 3001090 Ηο0-
111110 10 31101111 310011 0000111 80010311013110010 3310031300 010090 003031011,
13110 0100 0109110 00111ον 10 011313110 11 (1010010311, 011313110 11 (11001010
101 11331 (1300110 10 81109110 2 1110091301. Ti 111311 30 113 Κο10311010. 03110
10 0003111 03 813101311001 0113 1110091303 01120 11031010100, 1133 11030 10
00303110 1130010110 (811. Lovrenc v 130303111), 1131001 10 1001 003131 00-
11011110 1000111011, 03 01 10 031110011311 00210 31οὶοο (31. 395). 01101011
0020010 10 301009133111 03031101 Τ11100100 003110111 100001 330103130 (31. 403)
‘ter mu 011 101 011102003ῒί 00310011 0011011110 31101111 0030110 11 (1010010311,
(11001010 111 110001300110. V 1131001 0330 30 1001 001131011 01091 1101111331
010003111180010311013110010 3310031300 001131 003031011, 13110 13113111 100101
9101 130000 00111 01101 11 091010, 001010 1211011301 12 81011001093 (113003
0110 110101111 0118010101 10 00111 Ludovik· 0110 11100111111 01311101 011 80101οἰ
(31. 402). ,

0013 1096. 10 00111 9101 1509010011 Ι., 0313001111011 0000ον30093
3310031303 (31. 407). 130 01090111 301111 000010 1001 01090111 3100111 33100-
31300 1100 003031011, 13110 9101 Βο1011310 311010 003031110 11 1132113010,
001001 110110 1133 011 8011011100ου 11 130303νί 101 113ον100 10 81000000
011 1103110010, 0109011 0131, 311011-13111111111, 01000311 3310031300 31101 ον01·
10 00111ον 11 Κ3010101 011 1103110010, 110111 0131 11001111 0031001 01101 111
00111ον ν 03110111 011 1111102ον, Gomilico pri 1310οὶ0 10 30 031 0109111 vasi,
cetrti 0131 8191110 03 03 1000 0109101 11331 0001011 10 0019030 1090-
112110000 00 1103110013. 131010001133 (100111311 000011 331110313ηο 311013 00-
-3031113 011 81. 131030 00109 111110 03 11010311010 (31. 408). Leta 1099. 10
11103111 03002 2390101111 3301031300 311010 113131110 (31. 419).

Kar 30 1100 30100913311093 030311013 Τ111010003 10 0109011093 1011-
10003 0011110103, 031 01000101, 03 10 13 1013 1097. 000 6. 000010οΓ3 010-

