Xll

393131141 013931310 03110001931 00010901 (31. 236), potem 03110001931Τ19-

01313 (31. 239) in 03110001931 Vojnoslav (31. 240). 2301113 0113 313 131913 ,

33 Β1903 1113091309, 14319111] ’19 0110 1314131 11 1931 141313 019991 11911140.
Ν9141 (100931311 19 11391 33 131903 31101 111309130, 14319199319 0023919
019033111 39149133 11113211113, 13 03 Brixenski 99114111 (31, 241). Med blej-
skimi 00393131141 39 0139313 03110001931 1300113140, 141 19 ὶ11191 014011
1913 1080. (31. 514). Svobodni Marti 19 014011 1913 1085. imel 33 Bledu 93
111309130 (31. 369).

Na vzhodni 311331 3191314993 192913 30 ἶ919ἐ9 (2119993, 2111313,
(1113133), 14191 19 014011 1913 1050. 019011131 1-130011, 1313131911131 3914993
019319311993 Ρ11091-1143 (31. 167). vZeleeah 19 Β11Χ9113143 99114911 113913
31101 01101, 143191993 19 014011 1913 1075. 003100113 0191393119313 Η9311143
13 31990111 3001091 (31. 259). 014011 19131080. 19 311000031119399901 111191
,11 193931 vasi 311019 003931110, 1431910 19 03 019033111 Β11Χ933141 99114111.
1310 313 3101113 (111103 13 31990113 3001093 3 311010 311110, 1431910 313
113913 11 29199311 (31. 311).

Juino od Ζ919ὂ 19 ν33 11111130 (1113Ιί11911), 14191 19 01401119131085.
311000οη1 119399901 00 2313931 00011 00 011Χ93314993 314013 1111111133
39140 003931110 (31. 368). Δ

Β1123 19ὃ939 11331 19 Selo (Ζ913911), 14191 313 39 014011 19131080.
0104933141 31401 1111111113 13 0191393111 Friderik 00900113 231301 3914111 00-
3931911, 1431913 19 0191393111 11931114 00310011 Β11Χ933141 99114111 (31. 300).

8911910112110030 00 Sela 19 Κο11130 ((3011130, (30111033), 14191
19 014011 19131070. Β11Χ933143 99114911 000113 (1113 01313 2913119, 1431913

19 3914031 13191 311000031 (33301331 (31. 237). 014011 1913 1080. 19 11 1913 ,

141313 03110001931 Dobrisko 00 2313931 00011 119140 003931110 (31. 314).

Hko 39 z Β1903 330011130 01011 3911910230003, 01109130 011 Re-
9191 ν (Ξ11133ᾰ9 (0113112309), 141 39 0111114131 014011 19131050. 013931310.
Τ3 30 113911 00191393199311111131111, DaveL Tunzo 131ν33 3νο19 003931110,
1431910 30 03 003100111 Brixenski cerkvi. Ko 30 11 Κ13313141 9011 3013311
0090000, 313 0113 11190 01391131 13οἰ Ν9001401 13 Ρ1931311 1401 011ἑί (31. 168).

Severno od Bleda 19 ν33 Ζ3310 (Ζ3210, Ζ3210). Vtem 141313 313
311000031 Βοο1901 13 31990113 3001093 ’11901193 113913 311019 003931110,
1431910 313 03 014011 19131080. 0190331113 Β11Χ933141 99114111 (31. 312). V
Zasipu 19 11 1319111 3333 119141 Ρ1133031311 111191 311019 003931110, 1431910 19
03 z brixenskim 31401013 Hltwinom 231393131 23 0113 131133 (31. 313). V
19093913 141313 313 311000οη3 1-13093131 13 Protihc 00090011313 39140 00-
3931110, 1431910 313 0023919 0190331113 Brixenski cerkvi (31. 316). 014011
19131085. 19 311000οη1 11133 231393131 311019 00090011330 003931110 11
Ζ33103 23 39140 01390 11 Bohinju (31. 372).

.Tik Zasipa 30 11113ὶ19 (1111331390), 14191 19 014011 19131050. svo·-
bodni Drisnoslav 00 2331931 00011 3914011140 2913119. Dotit'mo 00900οο
30 3301311111 11 Κ13313141 9011 (31.166).

