St. 266. 161

 

 

 

51. 266.

Neptistnw

1072, dne 6. marca. Krka.

501009135111 03051101 Gebhard 03203013, 03 10 ν2015 5000110200-
511093 511013 01003, 035011511093 511013 1311101303 10 011190 110020101 110101
5νο11 00111111 1101151111 13110, 03 051300 11000 10 000013130010, 113110 do-
01093 510111, 50 1201001001, 1131 10 ν10000 0101001000, 101 00013111, 113110
11003 1200115311. Med tem je 2110001, 03 10 1110113 1115113 0031103 Himzila
[„0bitus domine Himezele venerabilis abbatiSse de Gurkelzoueffll. Κο1 10
νο11110 11001 23130 100090111310111 10 1023νο10 001ον 1000 ν15011101 90-
10111001 10 1101· 10 011 1311131 1031011031 1011 311 03 5110131 0111031, 10 51110011
00 035νο111 10 5 00100010 0101 11000ον3010 51101011 50913500 5 1130001111
10 10101510111311 Κ15110 00111νο 101 000010110 0011010111001, 10010101 9101010
Starchandom, da 00513111 511013 03 Κ1111. To ie moral storiti Ze 23130
1320111 00131111, 1131013 mu niso 0001150313, 03 01 0311 0353 05131 11
Κ3130130111 [‚,1'n Kariathia‘7, potem 03 11101 2310, 1101 10 01090113 5110-
fija 13110 0051103, (13 01 100901 vestno 51110011 23 00111νοηο 2300110. Κο
10 51101 511100 1320001 10000110 51101010 10 01119101 100ὶο10, 50 1011 01111·-
dili 1130001111 10 01101510111311 Κ15110 00111νο 10 03 010001001 010101
9101. Κο1 50 50 03 2351000110 Κ15110 00111νο 0311, 03 01 10 100901 00
(Gebhard) 3Ιί 03 01090111 0351000110 2 ustanovitvijo 51101110 5013νίῒί
000 001351 801009135110 00111110, 10 005131 (Gebhard) svoje 00513000
11 0300211 11Ιο11530010 11. ter mu 03203011 51101 511100 10 03 00011510110
2351000111ον Κ15110 00111110. Κο 10 030οὶ 2νο001 23 0109011 511100 10 23
20110 2351000111ον 100000 00111110, 10 11113231, 03 031 001001001 511100 00
bo na 511000 Κ15111 00111111, 030 03 03 1101151 00011 00111113. Κο 10 (Geb-
hard) dostojno 5010101 03002ον0 00513000, 10 511110310101310, 113000111οἰ0
10101510111310 5νο10 00111νο 101 10100011303 511013 10 03 0101310 01119111
00111ν3, ki so izrekli‚ (13 10 115130ον11ον 1115110 51101110 00010 00010110
ν 0351 0οὶ10 10 11 1101151 liudem 101 (13 50 10 11003 0011110111, 03 50
211151. Κο 50 10 00010211 2001ον3013 113000111ον 10 0110151011131011 1115110
00111νο, 10 011 111 0101000111 61101001, 10100 03 610001511010 001111 1,,01111-
theram nobilem vlrum oriundum de Chrapheli“]‚ svobodno in 000913500
120130 23 511013, 113101093 10 0310 0011011, 110 mu 10 (131 015130, 1115111
010131 1011 10 03 1210011 0351115110 031100. Κο1 10 1000 vsemi cerkvami
0050000 0311100100 Κ15111, 2310 νο10113 23 110000 0350, 03 50 00 510111
10000093 6110100113 311 03 113101093 0109ον111 0351000111ον 11151 νο111ον

¹ 1311501 (Mon. 11151. duc. Car„ 1, 76) 10 00113231, 03 10 0113 13 listina med 1010111 1172.10 ιιττ.
0003101003. 8015313 10 101513 10113, 1131013 10 11101 21115113 1151101 1115110911 511013 1-10011113 2 000
11. 01110013 1171 10 2 000 27. maja 1173. Donureiena listina 10 11001312 01ν3101010100, 0020010 (med
letom 1203-1205) 10 notar 600000 0051111111 50 030, 100500 10 11131. Sestavljalec 10 1151100 10 0013011
011 5νοὶοω 00111 1151100 50100913511093 0305111013 nom-ada 1. 2 000 17. 1111113 1171, potem 1151100
030023 Lucija 11. z 000 11. februaria 1145 10 03 50 001131οῐ0 druge 11110.

16

