XLVI

1101 100101 910111 00111 1181101 12 1013 1043. (81.127). Κο1 10 011 1110010 Ze

prileten, ko se mu 10 0131113 12100113, 10 00813111 010 81101093 8103 G ote· ’

11103, 03 01 10 013011 0100 2003011101 sovrainiki. Ta Gotefrid ie bil
12 01113 910111 11018111 in paltenski dolini (81.118); 1013 1042. 03, 3110 00
0101, 10 008131 100101 9101. Ηο000093 1013 10 00011 031131 091011, 111 so
011011111Κ3130130110, 101 1110 11201 01111 0100 (81.119). O 00ὶὶὂο 10131049.
10 011 60101110 00101100 (81.141) 10 8081 101 0020010 10 01011 1001 0109011
000 1110010.

(10101110ον0 100100 Ι,19101110 10 00011 0109011 801000111, 113009308111
0101131 (81. 389), 111 80 1013 1056. 0111111131 0100013 1101 100101 9101 ν
Κ31301308111 1031111 (81. 191), 001001 03 1001 1013 1058. 101059. (81. 202, 203).

Κ31301308113 11131113 10 00809313 1100 910111. Ena 10 0113 00109
11101100, 11101 10 0011011110 0383 9081300ον31 9101 Τ100901 (81. 55: „in
13390 1111111123 10 001011310...Το1(109οω1 00101118“). Do 101 9101111 80
Εο0008101001 110011 100090 811010 2010110 (81. 69). — Okoli Ljubna 00109
Mure 10 0113 0100008113 9101113 (Gr. ΙΙ, 81. 337: „Liupinatal in
comitatu Ο130113111“). - Na Srednjem 813101811001 80 10 1320108111313
9101113 11009081 (81.125ε „in comitatu Ηο09081“). Dobila 10 8110101100
00 111310, Ηο0981 0000ον30010, 111 10 011 01120 Wildona. 0000100 00110
80 10 211310 Ηο09811010 (Gr. 11, 81.’501; ,,Ηο09181101000“.) —— Ena 9101113
10 0113 ν 001101 10110 1101Ζο 1,,03908 Εη811313“), 01093 03 11 okolici
800301093 1300318Κο93 Νονο93 100813, 0310100 9101113 9011008113.

C. Cerkvena 2900011103.

1. 091018111 0311131111.

09101810 03111311] 111311 IV. (984—1019) 10 110011 811010 00111ον proti
110000 00801093 10 11 23001110 003181093 81010113. 0100 ΙΙΙ. 10 2 0211010
03 01090110 2110810οο 0310101 1013 990. 0011011 Ο9101811100111ν1 01003 00-
8081ν3 ((11. ΙΙ, 81. 493), 8081 101 0020010 03 001381 002 8081 8110111ἱί0 111
0031110 ((31.11, 81. 523). Leta 1001. 10 1000011113031 0000111091018111 00111111
1301011100 8011130811093 91300, 001010 001ον100 (101100 101 001ον100 118011
eravnih 1118 10 008081ον 00 80111300, (101101 10 0109111 11131111 1000 8000,
ν103110, Vrtovinskim 001011001 10 11103101. 133110 10 0000111 09101811100111111
1180 11381, 1131010 80 100001 03111310 311 03 01090111 010001111 0081311111 po
1181111 81130011 Ρο11308110 9101110, 1131010 80 0911 0008108111 (81.1).

Νο113110111181001 0380 80 10 031113111 11130 1101οΙ 00138111130111018110
fare, 1)νο913013 10 Bal 1118111. Vsled 01110200 0010811093 811013 11001013
10 011 11111131 0021130 11 Rim, kamor 03 01 110101 01111. Nato 10 030οἑ

8111108101 ΙΙ. 010811 031131811093 110111003 Henrika, 03 010311131110 23013011 >

01090110 030300 03 2010110 130108110 00111νο. Ker 03 110111003 11001111 1093
01 100901 8101111, 10 030οὶ 80 0011131 001111031 0311131113 k sebi, nato 10

