L

13230011 113 1101131091013111 00111111. 13010011 10, 0313 01 001203 1131311130-

311110 1101110οο01 001311011311 13211111 03113010, 03110 00 031311111100 23 01111 ,

11013110 101 00 121113ον311 23 010 113110 (31. 75). 9311131113 101311131 3010111-
1131 0109011 0011010111 1111310011, 1131011 30 11101 0010013 11 ον011 113110311 12
1031. leta (31. 86, 87).

Dobro leto 0020010, 0301100 000 11. septembre leta 1028„ 10 00331
0000111 0910131101011 0311131101 013ν100, 03 3100 11ον311 001100, ki 1131110οο
veljavni po vsej 01090111 0123111. To 01311100 10 cesar dal 0311131110 113100
0031000113013 1320111 903000011, med 1131011101 10 bil 11101 1131301303111
110111003 1103100100 (31. 81). -κ Dne 9. oktobra 10 031113111 90000 dobil
od 0033113 00111 9020 0100 5000, 0913110 00310, Livenzo in 10011010 11
9101111 91013 Warienta (31. 82). Κο 30 10 cesar Konrad dne 30. (1000101113
1011011 11 1109300190, Ι10 113100 0103010 0311131113 900003 12 00113 00-
11011 3110101011 fevdniku Wilhelmu 11100301 111311ον111 11010111 11 Savianki
9101111 (31. 84). Ta 9101113 10 bila 11 001111100001 021111 000 00133110 09101-
311111 031113111ον 10 2310 10 1111101100, 231131 10 03111311] 900011 011 00331111
00310001131 23 91013 Wilhelma. Najbrie 00113110 ν 1131010 03311 10 cesar
Κο0130 0011011 0311131110 9000011 1131100, 3 11310101οῒ3 0000111 091013111
031113111111 0031110 11 0301311. Τ31003011 0031 031 11331101010 0311110 09101-
3111 00111111 00 011303131 00002ον. Κ3031 bi bil izvoljen nov opat, 03193
00311011 091013111 03111311] (31. 83).

V 0331000110 101111 10 031113111 90000 11 091013110111 1003111 00001-
110103 01011ον11 31310 00111011, 0031100000 111131111 Devici 101 311. Ηο11113-
90111 10 Fortunam. [)0015. 1111113 10131051. jo 10 003110111 11 031120000311
011011 1101311111 113101031ον 10 011303131111 31101011. 111100 01091101 30 30 00-
31100ον3013 11001οὶ111 311011113012 911113, 1100311111 12 91003, 11200 12
Νονο93 91303 10 11031901 12 ’[1313. 12 1320111 11131011, 00301100 03 12
Rima, 10 031113111 dobil 23 110νο 00111011 100090 31101101. 01) 00010 10 (10-
10011, 03 031 bo 011 11ον1 00111111 00100301 1131101011ον, 113101110 10 0000111
100090 003031011, med 01119101 11100301 3130110 11 0910111 10 01131301 03 11
9113111 111111 (31. 86). To 11320, 0310 bilo 091013110 1110310 1311131 13110 ob-
31100 10 009310. —— Deset dni 00211010 10 03111311] 0011011 132113 00-
3031113 3310031300 111131110 13011100 1111 09101311093 1110313, 11101 10 30031
111100331010 (31. 87).

Κ3110 0311100100 10 bil 031113111 900011 00331111 Κο013011, 10 132-
111000 12 1011313 0113090, 1131010 30 1001311 0301311111 01090111 3111139301,
110 30 033100111 311010 3111ὶ110. Obljubiti 30 11101311 00110130100 091013111
00111111 10 0101101011 0311131110, 3 11101 2110310110 00331111 Κο013011 10 010-
90110100 31011 1100111111 (31. 78).

Leta 1034. 10 00331 Κο0130 0011011 0311131110 9000011 013003110
faro, ker 30 10, 1131101 30 10 3310 12131111, 0100110310 0131110003ῒί 01090110
0103010. Tudi 10 1311131 0000111 0910131ςί 00111111 11310 2010110, 1131010 30
0011031 Βο000301 110011 0100 913110 10 Livenzo (31. 89).

